781,533,866,825,752,510,838,925
781,533,866,825,752,510,838,925
781,533,866,825,752,510,838,925
781,533,866,825,752,510,838,924
781,533,866,825,752,510,838,924
781,533,866,825,752,510,838,925
781,533,866,825,752,510,838,925
781,533,866,825,752,510,838,925
781,533,866,825,752,510,838,925
781,533,866,825,752,510,838,925
781,533,866,825,752,510,838,925
781,533,866,825,752,510,838,925
781,533,865,825,752,510,838,925
781,533,866,825,752,510,838,925
781,533,866,825,751,510,838,924
781,533,866,825,752,510,838,925
781,533,866,825,752,510,838,924
781,533,866,825,752,510,838,925
778,533,865,825,752,510,838,924
765,533,866,825,752,510,838,924
749,533,866,825,752,510,838,925
732,533,865,825,752,510,838,925
716,533,866,825,752,510,838,925
698,533,866,825,752,510,838,924
682,533,865,825,752,510,838,925
666,533,865,825,752,510,838,925
652,533,865,825,752,510,838,925
644,533,865,825,752,510,838,924
640,533,866,825,752,510,838,925
639,533,866,825,752,510,838,924
640,533,865,825,752,510,838,925
647,533,866,825,752,510,838,925
655,533,866,825,752,510,838,924
666,533,866,825,752,510,838,924
676,533,866,825,752,510,838,924
691,533,866,825,752,510,838,925
702,533,865,825,752,510,838,925
715,533,866,825,752,510,838,925
727,532,866,825,752,510,838,925
743,533,866,825,752,510,838,925
757,533,866,825,752,510,838,925
767,532,866,825,752,510,838,924
770,533,865,825,752,510,838,925
770,533,866,825,752,510,838,925
771,533,866,825,752,510,838,925
771,533,866,825,752,510,838,925
768,533,866,825,752,510,838,924
760,533,865,825,752,510,838,924
752,533,865,825,752,510,838,925
742,532,866,825,752,510,838,925
733,533,866,825,752,510,838,925
722,533,866,825,752,510,838,924
709,533,866,825,752,510,838,925
695,533,865,824,752,510,838,924
686,533,866,825,752,510,838,925
686,533,866,825,752,510,838,925
686,533,866,825,752,510,838,925
686,533,866,825,752,510,838,925
686,533,866,825,752,510,838,925
686,533,865,825,752,510,838,924
686,533,866,825,752,510,838,925
686,533,866,825,752,510,838,925
686,533,866,824,752,510,838,925
686,533,866,825,752,510,838,925
686,533,866,825,752,510,838,924
686,533,866,825,752,510,838,924
686,533,865,825,752,510,838,925
686,533,865,825,752,510,838,925
686,533,866,825,752,510,838,925
686,533,866,825,752,510,838,924
686,533,866,825,752,510,838,925
686,541,866,825,752,510,838,924
686,560,866,824,752,510,838,925
686,583,866,825,752,510,838,925
686,607,866,825,752,510,838,925
686,627,866,825,752,510,838,925
686,651,866,825,752,510,838,924
686,678,865,825,752,510,838,925
686,704,866,825,752,510,838,925
686,724,866,825,752,510,838,924
686,729,866,825,752,510,838,924
686,729,866,825,752,510,838,924
686,729,866,825,752,510,838,925
686,729,865,825,752,510,838,925
686,729,865,825,752,510,838,925
686,728,866,825,752,510,838,924
686,728,866,825,752,510,838,925
686,726,865,825,752,510,838,925
686,721,866,825,752,510,838,925
686,709,866,824,752,510,838,924
686,693,866,825,752,510,838,925
686,676,866,825,752,510,838,925
686,655,866,825,752,510,838,925
686,631,866,825,752,510,838,925
686,604,865,825,752,510,838,925
686,580,866,825,752,510,838,925
686,559,866,825,752,510,838,925
686,550,866,825,752,510,838,925
686,549,865,825,752,510,838,924
686,549,866,825,752,510,838,925
686,549,866,825,752,510,838,925
686,549,865,825,752,510,838,924
686,549,866,825,752,510,838,925
686,549,866,825,752,510,838,924
686,550,866,825,752,510,838,925
686,549,884,825,752,510,838,925
686,550,912,825,752,510,838,925
686,549,931,825,752,510,838,925
686,549,937,825,752,510,838,924
686,549,937,825,752,510,838,924
686,549,937,825,752,510,838,924
686,549,937,825,752,510,838,925
686,549,937,825,752,510,838,924
686,549,936,825,752,510,838,925
686,549,934,825,752,510,838,925
686,549,933,825,752,510,838,925
686,549,931,825,752,510,838,925
686,549,929,825,752,510,838,924
686,549,929,825,752,510,838,925
686,549,928,825,752,510,838,925
686,549,928,825,752,510,838,925
686,549,928,825,752,510,838,924
686,549,928,825,752,510,838,925
686,549,928,825,752,510,838,925
686,549,928,825,752,510,838,925
686,549,928,825,752,510,838,924
686,549,928,825,752,510,838,925
686,549,928,825,752,510,838,924
686,549,928,825,752,510,838,925
686,549,928,825,752,510,838,924
686,549,928,825,752,510,838,924
686,549,928,825,752,510,838,924
686,549,928,825,752,510,838,924
686,549,928,825,752,510,838,925
686,549,928,839,752,510,838,925
686,549,928,881,752,510,838,925
686,549,928,918,752,510,838,924
686,549,928,943,752,510,838,925
686,549,928,954,752,510,838,924
686,549,928,954,752,510,838,925
686,549,928,939,752,510,838,924
686,549,928,920,752,510,838,925
686,549,928,907,752,510,838,925
686,549,928,896,752,510,838,925
686,549,928,895,752,510,838,925
686,549,928,895,752,510,838,924
686,549,928,895,752,510,838,925
686,549,928,895,752,510,838,925
686,549,928,895,752,510,838,925
686,549,928,896,752,510,838,925
686,549,928,896,752,510,838,924
686,550,928,895,779,510,838,925
686,549,928,896,818,510,838,925
686,549,928,895,862,510,838,925
686,550,928,896,897,510,838,924
686,550,928,895,904,510,838,925
686,549,928,896,904,510,838,925
686,549,928,896,904,510,838,925
686,549,928,896,904,510,838,924
686,549,928,896,904,510,838,925
686,549,928,896,900,510,838,924
686,550,928,896,889,510,838,925
686,549,928,896,875,510,838,925
686,549,928,896,857,510,838,924
686,549,928,896,837,510,838,925
686,549,928,896,814,510,838,924
686,549,928,896,791,510,838,925
686,549,928,896,762,510,838,924
686,549,928,896,761,510,838,925
686,550,928,896,761,510,838,924
686,549,928,896,761,511,838,924
686,549,928,896,761,511,838,925
686,550,928,896,761,529,838,925
686,550,928,896,761,562,838,925
686,550,928,896,761,589,838,925
686,550,928,896,761,611,838,924
686,549,928,896,761,623,838,924
686,550,928,896,761,629,838,925
686,549,928,896,761,633,838,925
686,549,928,896,761,649,838,924
686,549,928,896,761,652,838,925
686,549,928,896,761,652,838,925
686,549,928,896,761,652,838,924
686,549,928,896,761,652,838,924
683,549,928,896,761,651,838,925
672,549,928,896,761,651,838,925
657,549,928,896,761,651,838,925
640,549,928,896,761,650,838,925
616,549,928,896,761,642,838,925
594,549,928,896,761,641,838,925
568,549,928,896,761,640,838,924
566,549,928,896,761,640,838,925
577,549,928,896,761,640,838,925
603,549,928,896,761,640,838,925
623,549,928,896,761,640,838,925
647,549,928,895,761,640,838,924
661,549,928,896,761,640,838,925
673,549,928,896,761,640,838,925
683,549,928,896,761,640,838,925
696,549,928,896,761,640,838,924
713,549,928,896,761,641,838,924
737,549,928,896,761,641,838,925
755,549,928,896,761,641,838,924
757,549,928,896,761,640,838,925
757,549,928,896,761,640,838,925
757,550,928,905,761,640,838,925
757,549,928,916,761,640,838,925
757,549,928,927,761,641,838,925
757,549,928,936,761,640,838,925
758,549,928,947,761,640,838,925
757,549,928,955,761,640,838,924
757,549,928,961,761,640,838,924
757,548,928,964,761,641,838,925
757,539,928,964,761,640,838,924
758,526,928,963,761,641,838,924
757,511,928,949,761,640,838,924
758,495,928,930,761,641,838,925
758,480,928,914,761,640,838,924
758,463,928,898,761,640,838,925
758,442,928,888,761,641,838,925
757,418,928,880,761,641,838,925
757,397,928,875,761,641,838,925
758,380,928,868,761,640,838,924
757,366,928,863,761,640,838,925
758,361,928,862,761,641,838,924
757,360,928,862,761,641,838,925
758,360,928,862,761,641,838,925
758,361,928,862,761,641,838,924
758,369,928,862,761,640,838,925
757,386,928,863,761,641,838,924
757,405,928,865,761,641,838,925
758,421,928,868,761,640,838,924
757,444,928,871,761,640,838,925
758,470,928,876,761,640,838,925
758,503,928,880,761,641,838,924
758,538,928,883,761,641,838,925
758,571,928,885,761,640,838,924
757,602,928,888,761,641,838,925
758,629,928,891,761,640,838,925
757,657,928,893,761,640,838,925
758,681,928,896,761,640,838,925
758,698,928,897,761,640,838,924
757,698,928,897,761,641,838,925
758,696,928,897,761,641,838,925
758,687,928,893,761,640,838,924
758,675,928,883,761,640,838,925
757,661,928,872,761,641,838,925
757,641,928,864,761,640,838,925
758,622,928,853,761,641,838,925
757,600,928,843,761,640,838,925
757,582,928,831,761,640,838,924
757,563,928,822,761,641,838,925
757,546,928,814,761,640,838,925
757,532,928,805,761,640,838,925
757,519,928,800,761,640,838,925
757,504,928,797,761,641,838,925
758,489,928,795,761,640,838,925
757,478,928,792,761,640,838,924
758,473,928,790,761,640,838,925
757,473,928,790,761,640,838,925
757,473,928,790,761,640,838,925
758,481,928,790,761,640,838,925
757,498,928,791,761,640,838,925
757,516,928,793,761,640,838,925
757,534,928,797,761,641,838,925
757,553,928,803,761,640,838,925
757,572,928,808,761,640,838,925
757,589,928,812,761,640,838,925
757,607,928,821,761,641,838,925
758,624,928,824,761,641,838,925
757,638,928,827,761,640,838,925
757,658,928,833,761,641,838,925
758,674,928,836,761,640,838,925
757,687,928,837,761,641,838,925
758,695,928,838,761,640,838,924
757,699,928,838,761,640,838,924
757,698,928,838,761,640,838,925
758,695,928,837,761,640,838,925
757,686,928,831,761,640,838,925
758,669,928,823,761,640,838,925
757,650,928,813,761,640,838,924
757,627,928,800,761,640,838,924
758,603,928,788,761,640,838,924
757,582,928,776,761,640,838,925
757,563,928,766,761,640,838,925
757,546,928,757,761,641,838,925
757,531,928,747,761,640,838,925
757,514,928,738,761,640,838,924
758,497,928,730,761,641,838,924
757,482,928,720,761,640,838,924
758,472,928,711,761,640,838,925
757,462,928,707,761,640,838,925
758,459,928,707,761,640,838,925
757,458,928,707,761,640,838,924
758,459,928,707,761,640,838,925
758,465,928,707,761,640,838,925
758,479,928,708,761,640,838,924
757,495,928,712,761,641,838,924
757,510,928,719,761,640,838,925
758,522,928,725,761,640,838,925
758,534,928,734,761,640,838,925
757,547,928,743,761,640,838,924
758,558,928,750,761,640,838,925
757,570,928,762,761,640,838,924
758,584,928,770,761,640,838,925
758,601,928,777,761,640,838,925
758,613,928,784,761,640,838,924
757,626,928,792,761,640,838,925
758,639,928,798,761,640,838,925
757,643,928,800,761,640,838,924
758,643,928,799,761,641,838,925
758,639,928,798,761,641,838,924
757,628,928,786,761,641,838,925
758,609,928,773,761,641,838,924
757,589,928,760,761,641,838,925
758,567,928,746,761,641,838,924
757,550,928,736,761,640,838,925
757,535,928,726,761,641,838,925
757,524,928,716,761,641,838,925
758,520,928,715,761,641,838,925
757,520,928,715,761,641,838,925
758,520,928,715,761,641,838,925
757,520,928,715,761,640,838,925
758,520,928,715,761,640,838,924
758,520,928,715,761,641,838,925
757,520,928,715,761,641,838,925
758,520,928,715,761,640,838,925
757,520,928,715,761,641,838,925
757,520,928,715,761,641,838,925
758,520,928,715,761,640,838,925
758,520,928,715,761,640,838,924
757,520,928,715,761,641,838,925
757,520,928,715,761,641,838,925
757,520,928,715,761,640,838,925
758,520,928,715,761,640,838,924
757,520,928,715,761,641,838,924
758,520,928,715,761,640,838,924
757,520,928,715,761,641,838,925
757,520,928,715,761,640,838,924
758,520,928,715,761,640,838,925
758,520,928,715,761,640,838,924
757,520,928,715,761,640,838,925
757,520,928,715,761,640,838,925
757,520,928,715,761,641,838,925
757,520,928,715,761,641,838,924
757,520,928,715,761,640,838,925
757,520,928,715,761,641,838,925
757,520,928,715,761,640,838,924
757,520,928,715,761,641,838,925
758,520,928,715,761,641,838,924
757,520,928,715,761,641,838,925
757,520,928,715,761,640,838,925
758,520,928,715,761,640,838,924
758,520,928,715,761,640,838,925
757,520,928,715,761,641,838,925
758,520,928,715,761,640,838,925
758,520,928,715,761,640,838,925
758,520,928,715,761,640,838,925
758,520,928,715,761,641,838,925
758,520,928,715,761,640,838,925
758,520,928,715,761,641,838,925
757,520,928,715,761,641,838,924
757,520,928,715,761,640,838,924
757,520,928,715,761,640,838,925
757,520,928,715,761,640,838,925
757,520,928,715,761,641,838,924
757,520,928,715,761,640,838,925
757,520,928,715,761,640,838,925
757,520,928,715,761,641,838,925
758,520,928,715,761,640,838,924
757,520,928,715,761,641,838,925
757,520,928,715,761,640,838,924
758,520,928,715,761,640,838,925
757,520,928,715,761,641,838,925
757,520,928,715,761,640,838,925
758,520,928,715,761,640,838,925
758,520,928,715,761,641,838,925
757,520,928,715,761,640,838,925
757,520,928,715,761,640,838,925
758,520,928,715,761,640,838,924
758,520,928,715,761,640,838,924
757,520,928,715,761,641,838,925
757,520,928,715,761,640,838,924
757,520,928,715,761,640,838,925
758,520,928,715,761,641,838,925
757,520,928,715,761,641,838,925
758,520,928,715,761,640,838,925
757,520,928,715,761,640,838,924
758,520,928,715,761,640,838,925
758,520,928,715,761,641,838,925
757,520,928,715,761,640,838,925
757,520,928,715,761,640,838,924
757,520,928,715,761,640,838,924
757,520,928,715,761,640,838,924
758,520,928,715,761,641,838,925
757,520,928,715,761,640,838,925
757,520,928,715,761,641,838,925
757,520,928,715,761,640,838,925
758,520,928,715,761,640,838,924
758,520,928,715,761,640,838,925
758,520,928,715,761,640,838,924
757,520,928,715,761,640,838,925
757,520,928,715,761,641,838,925
757,520,928,715,761,640,838,924
758,520,928,715,761,640,838,925
757,520,928,715,761,640,838,924
758,520,928,715,761,640,838,925
757,520,928,715,761,640,838,925
757,520,928,715,761,641,838,925
757,520,928,715,761,640,838,925
757,520,928,715,761,640,838,925
757,520,928,715,761,640,838,924
757,520,928,715,761,641,838,925
757,520,928,715,761,640,838,925
757,520,928,715,761,640,838,925
758,520,928,715,761,641,838,925
757,520,928,715,761,641,838,925
758,520,928,715,761,640,838,925
